1 0.166667 1 0 0 0 0 0
11 0.0277778 2 0 0 0 0 0
111 0.00462963 3 0 0 0 0 0
1111 0.000771605 4 0 0 0 0 0
11111 0.000128601 5 0 0 0 0 0
11112 0.000643004 4 1 0 0 0 0
11113 0.000643004 4 0 1 0 0 0
11114 0.000643004 4 0 0 1 0 0
11115 0.000643004 4 0 0 0 1 0
11116 0.000643004 4 0 0 0 0 1
1112 0.00308642 3 1 0 0 0 0
11122 0.00128601 3 2 0 0 0 0
11123 0.00257202 3 1 1 0 0 0
11124 0.00257202 3 1 0 1 0 0
11125 0.00257202 3 1 0 0 1 0
11126 0.00257202 3 1 0 0 0 1
1113 0.00308642 3 0 1 0 0 0
11133 0.00128601 3 0 2 0 0 0
11134 0.00257202 3 0 1 1 0 0
11135 0.00257202 3 0 1 0 1 0
11136 0.00257202 3 0 1 0 0 1
1114 0.00308642 3 0 0 1 0 0
11144 0.00128601 3 0 0 2 0 0
11145 0.00257202 3 0 0 1 1 0
11146 0.00257202 3 0 0 1 0 1
1115 0.00308642 3 0 0 0 1 0
11155 0.00128601 3 0 0 0 2 0
11156 0.00257202 3 0 0 0 1 1
1116 0.00308642 3 0 0 0 0 1
11166 0.00128601 3 0 0 0 0 2
112 0.0138889 2 1 0 0 0 0
1122 0.00462963 2 2 0 0 0 0
11222 0.00128601 2 3 0 0 0 0
11223 0.00385802 2 2 1 0 0 0
11224 0.00385802 2 2 0 1 0 0
11225 0.00385802 2 2 0 0 1 0
11226 0.00385802 2 2 0 0 0 1
1123 0.00925926 2 1 1 0 0 0
11233 0.00385802 2 1 2 0 0 0
11234 0.00771605 2 1 1 1 0 0
11235 0.00771605 2 1 1 0 1 0
11236 0.00771605 2 1 1 0 0 1
1124 0.00925926 2 1 0 1 0 0
11244 0.00385802 2 1 0 2 0 0
11245 0.00771605 2 1 0 1 1 0
11246 0.00771605 2 1 0 1 0 1
1125 0.00925926 2 1 0 0 1 0
11255 0.00385802 2 1 0 0 2 0
11256 0.00771605 2 1 0 0 1 1
1126 0.00925926 2 1 0 0 0 1
11266 0.00385802 2 1 0 0 0 2
113 0.0138889 2 0 1 0 0 0
1133 0.00462963 2 0 2 0 0 0
11333 0.00128601 2 0 3 0 0 0
11334 0.00385802 2 0 2 1 0 0
11335 0.00385802 2 0 2 0 1 0
11336 0.00385802 2 0 2 0 0 1
1134 0.00925926 2 0 1 1 0 0
11344 0.00385802 2 0 1 2 0 0
11345 0.00771605 2 0 1 1 1 0
11346 0.00771605 2 0 1 1 0 1
1135 0.00925926 2 0 1 0 1 0
11355 0.00385802 2 0 1 0 2 0
11356 0.00771605 2 0 1 0 1 1
1136 0.00925926 2 0 1 0 0 1
11366 0.00385802 2 0 1 0 0 2
114 0.0138889 2 0 0 1 0 0
1144 0.00462963 2 0 0 2 0 0
11444 0.00128601 2 0 0 3 0 0
11445 0.00385802 2 0 0 2 1 0
11446 0.00385802 2 0 0 2 0 1
1145 0.00925926 2 0 0 1 1 0
11455 0.00385802 2 0 0 1 2 0
11456 0.00771605 2 0 0 1 1 1
1146 0.00925926 2 0 0 1 0 1
11466 0.00385802 2 0 0 1 0 2
115 0.0138889 2 0 0 0 1 0
1155 0.00462963 2 0 0 0 2 0
11555 0.00128601 2 0 0 0 3 0
11556 0.00385802 2 0 0 0 2 1
1156 0.00925926 2 0 0 0 1 1
11566 0.00385802 2 0 0 0 1 2
116 0.0138889 2 0 0 0 0 1
1166 0.00462963 2 0 0 0 0 2
11666 0.00128601 2 0 0 0 0 3
12 0.0555556 1 1 0 0 0 0
122 0.0138889 1 2 0 0 0 0
1222 0.00308642 1 3 0 0 0 0
12222 0.000643004 1 4 0 0 0 0
12223 0.00257202 1 3 1 0 0 0
12224 0.00257202 1 3 0 1 0 0
12225 0.00257202 1 3 0 0 1 0
12226 0.00257202 1 3 0 0 0 1
1223 0.00925926 1 2 1 0 0 0
12233 0.00385802 1 2 2 0 0 0
12234 0.00771605 1 2 1 1 0 0
12235 0.00771605 1 2 1 0 1 0
12236 0.00771605 1 2 1 0 0 1
1224 0.00925926 1 2 0 1 0 0
12244 0.00385802 1 2 0 2 0 0
12245 0.00771605 1 2 0 1 1 0
12246 0.00771605 1 2 0 1 0 1
1225 0.00925926 1 2 0 0 1 0
12255 0.00385802 1 2 0 0 2 0
12256 0.00771605 1 2 0 0 1 1
1226 0.00925926 1 2 0 0 0 1
12266 0.00385802 1 2 0 0 0 2
123 0.0277778 1 1 1 0 0 0
1233 0.00925926 1 1 2 0 0 0
12333 0.00257202 1 1 3 0 0 0
12334 0.00771605 1 1 2 1 0 0
12335 0.00771605 1 1 2 0 1 0
12336 0.00771605 1 1 2 0 0 1
1234 0.0185185 1 1 1 1 0 0
12344 0.00771605 1 1 1 2 0 0
12345 0.0154321 1 1 1 1 1 0
12346 0.0154321 1 1 1 1 0 1
1235 0.0185185 1 1 1 0 1 0
12355 0.00771605 1 1 1 0 2 0
12356 0.0154321 1 1 1 0 1 1
1236 0.0185185 1 1 1 0 0 1
12366 0.00771605 1 1 1 0 0 2
124 0.0277778 1 1 0 1 0 0
1244 0.00925926 1 1 0 2 0 0
12444 0.00257202 1 1 0 3 0 0
12445 0.00771605 1 1 0 2 1 0
12446 0.00771605 1 1 0 2 0 1
1245 0.0185185 1 1 0 1 1 0
12455 0.00771605 1 1 0 1 2 0
12456 0.0154321 1 1 0 1 1 1
1246 0.0185185 1 1 0 1 0 1
12466 0.00771605 1 1 0 1 0 2
125 0.0277778 1 1 0 0 1 0
1255 0.00925926 1 1 0 0 2 0
12555 0.00257202 1 1 0 0 3 0
12556 0.00771605 1 1 0 0 2 1
1256 0.0185185 1 1 0 0 1 1
12566 0.00771605 1 1 0 0 1 2
126 0.0277778 1 1 0 0 0 1
1266 0.00925926 1 1 0 0 0 2
12666 0.00257202 1 1 0 0 0 3
13 0.0555556 1 0 1 0 0 0
133 0.0138889 1 0 2 0 0 0
1333 0.00308642 1 0 3 0 0 0
13333 0.000643004 1 0 4 0 0 0
13334 0.00257202 1 0 3 1 0 0
13335 0.00257202 1 0 3 0 1 0
13336 0.00257202 1 0 3 0 0 1
1334 0.00925926 1 0 2 1 0 0
13344 0.00385802 1 0 2 2 0 0
13345 0.00771605 1 0 2 1 1 0
13346 0.00771605 1 0 2 1 0 1
1335 0.00925926 1 0 2 0 1 0
13355 0.00385802 1 0 2 0 2 0
13356 0.00771605 1 0 2 0 1 1
1336 0.00925926 1 0 2 0 0 1
13366 0.00385802 1 0 2 0 0 2
134 0.0277778 1 0 1 1 0 0
1344 0.00925926 1 0 1 2 0 0
13444 0.00257202 1 0 1 3 0 0
13445 0.00771605 1 0 1 2 1 0
13446 0.00771605 1 0 1 2 0 1
1345 0.0185185 1 0 1 1 1 0
13455 0.00771605 1 0 1 1 2 0
13456 0.0154321 1 0 1 1 1 1
1346 0.0185185 1 0 1 1 0 1
13466 0.00771605 1 0 1 1 0 2
135 0.0277778 1 0 1 0 1 0
1355 0.00925926 1 0 1 0 2 0
13555 0.00257202 1 0 1 0 3 0
13556 0.00771605 1 0 1 0 2 1
1356 0.0185185 1 0 1 0 1 1
13566 0.00771605 1 0 1 0 1 2
136 0.0277778 1 0 1 0 0 1
1366 0.00925926 1 0 1 0 0 2
13666 0.00257202 1 0 1 0 0 3
14 0.0555556 1 0 0 1 0 0
144 0.0138889 1 0 0 2 0 0
1444 0.00308642 1 0 0 3 0 0
14444 0.000643004 1 0 0 4 0 0
14445 0.00257202 1 0 0 3 1 0
14446 0.00257202 1 0 0 3 0 1
1445 0.00925926 1 0 0 2 1 0
14455 0.00385802 1 0 0 2 2 0
14456 0.00771605 1 0 0 2 1 1
1446 0.00925926 1 0 0 2 0 1
14466 0.00385802 1 0 0 2 0 2
145 0.0277778 1 0 0 1 1 0
1455 0.00925926 1 0 0 1 2 0
14555 0.00257202 1 0 0 1 3 0
14556 0.00771605 1 0 0 1 2 1
1456 0.0185185 1 0 0 1 1 1
14566 0.00771605 1 0 0 1 1 2
146 0.0277778 1 0 0 1 0 1
1466 0.00925926 1 0 0 1 0 2
14666 0.00257202 1 0 0 1 0 3
15 0.0555556 1 0 0 0 1 0
155 0.0138889 1 0 0 0 2 0
1555 0.00308642 1 0 0 0 3 0
15555 0.000643004 1 0 0 0 4 0
15556 0.00257202 1 0 0 0 3 1
1556 0.00925926 1 0 0 0 2 1
15566 0.00385802 1 0 0 0 2 2
156 0.0277778 1 0 0 0 1 1
1566 0.00925926 1 0 0 0 1 2
15666 0.00257202 1 0 0 0 1 3
16 0.0555556 1 0 0 0 0 1
166 0.0138889 1 0 0 0 0 2
1666 0.00308642 1 0 0 0 0 3
16666 0.000643004 1 0 0 0 0 4
2 0.166667 0 1 0 0 0 0
22 0.0277778 0 2 0 0 0 0
222 0.00462963 0 3 0 0 0 0
2222 0.000771605 0 4 0 0 0 0
22222 0.000128601 0 5 0 0 0 0
22223 0.000643004 0 4 1 0 0 0
22224 0.000643004 0 4 0 1 0 0
22225 0.000643004 0 4 0 0 1 0
22226 0.000643004 0 4 0 0 0 1
2223 0.00308642 0 3 1 0 0 0
22233 0.00128601 0 3 2 0 0 0
22234 0.00257202 0 3 1 1 0 0
22235 0.00257202 0 3 1 0 1 0
22236 0.00257202 0 3 1 0 0 1
2224 0.00308642 0 3 0 1 0 0
22244 0.00128601 0 3 0 2 0 0
22245 0.00257202 0 3 0 1 1 0
22246 0.00257202 0 3 0 1 0 1
2225 0.00308642 0 3 0 0 1 0
22255 0.00128601 0 3 0 0 2 0
22256 0.00257202 0 3 0 0 1 1
2226 0.00308642 0 3 0 0 0 1
22266 0.00128601 0 3 0 0 0 2
223 0.0138889 0 2 1 0 0 0
2233 0.00462963 0 2 2 0 0 0
22333 0.00128601 0 2 3 0 0 0
22334 0.00385802 0 2 2 1 0 0
22335 0.00385802 0 2 2 0 1 0
22336 0.00385802 0 2 2 0 0 1
2234 0.00925926 0 2 1 1 0 0
22344 0.00385802 0 2 1 2 0 0
22345 0.00771605 0 2 1 1 1 0
22346 0.00771605 0 2 1 1 0 1
2235 0.00925926 0 2 1 0 1 0
22355 0.00385802 0 2 1 0 2 0
22356 0.00771605 0 2 1 0 1 1
2236 0.00925926 0 2 1 0 0 1
22366 0.00385802 0 2 1 0 0 2
224 0.0138889 0 2 0 1 0 0
2244 0.00462963 0 2 0 2 0 0
22444 0.00128601 0 2 0 3 0 0
22445 0.00385802 0 2 0 2 1 0
22446 0.00385802 0 2 0 2 0 1
2245 0.00925926 0 2 0 1 1 0
22455 0.00385802 0 2 0 1 2 0
22456 0.00771605 0 2 0 1 1 1
2246 0.00925926 0 2 0 1 0 1
22466 0.00385802 0 2 0 1 0 2
225 0.0138889 0 2 0 0 1 0
2255 0.00462963 0 2 0 0 2 0
22555 0.00128601 0 2 0 0 3 0
22556 0.00385802 0 2 0 0 2 1
2256 0.00925926 0 2 0 0 1 1
22566 0.00385802 0 2 0 0 1 2
226 0.0138889 0 2 0 0 0 1
2266 0.00462963 0 2 0 0 0 2
22666 0.00128601 0 2 0 0 0 3
23 0.0555556 0 1 1 0 0 0
233 0.0138889 0 1 2 0 0 0
2333 0.00308642 0 1 3 0 0 0
23333 0.000643004 0 1 4 0 0 0
23334 0.00257202 0 1 3 1 0 0
23335 0.00257202 0 1 3 0 1 0
23336 0.00257202 0 1 3 0 0 1
2334 0.00925926 0 1 2 1 0 0
23344 0.00385802 0 1 2 2 0 0
23345 0.00771605 0 1 2 1 1 0
23346 0.00771605 0 1 2 1 0 1
2335 0.00925926 0 1 2 0 1 0
23355 0.00385802 0 1 2 0 2 0
23356 0.00771605 0 1 2 0 1 1
2336 0.00925926 0 1 2 0 0 1
23366 0.00385802 0 1 2 0 0 2
234 0.0277778 0 1 1 1 0 0
2344 0.00925926 0 1 1 2 0 0
23444 0.00257202 0 1 1 3 0 0
23445 0.00771605 0 1 1 2 1 0
23446 0.00771605 0 1 1 2 0 1
2345 0.0185185 0 1 1 1 1 0
23455 0.00771605 0 1 1 1 2 0
23456 0.0154321 0 1 1 1 1 1
2346 0.0185185 0 1 1 1 0 1
23466 0.00771605 0 1 1 1 0 2
235 0.0277778 0 1 1 0 1 0
2355 0.00925926 0 1 1 0 2 0
23555 0.00257202 0 1 1 0 3 0
23556 0.00771605 0 1 1 0 2 1
2356 0.0185185 0 1 1 0 1 1
23566 0.00771605 0 1 1 0 1 2
236 0.0277778 0 1 1 0 0 1
2366 0.00925926 0 1 1 0 0 2
23666 0.00257202 0 1 1 0 0 3
24 0.0555556 0 1 0 1 0 0
244 0.0138889 0 1 0 2 0 0
2444 0.00308642 0 1 0 3 0 0
24444 0.000643004 0 1 0 4 0 0
24445 0.00257202 0 1 0 3 1 0
24446 0.00257202 0 1 0 3 0 1
2445 0.00925926 0 1 0 2 1 0
24455 0.00385802 0 1 0 2 2 0
24456 0.00771605 0 1 0 2 1 1
2446 0.00925926 0 1 0 2 0 1
24466 0.00385802 0 1 0 2 0 2
245 0.0277778 0 1 0 1 1 0
2455 0.00925926 0 1 0 1 2 0
24555 0.00257202 0 1 0 1 3 0
24556 0.00771605 0 1 0 1 2 1
2456 0.0185185 0 1 0 1 1 1
24566 0.00771605 0 1 0 1 1 2
246 0.0277778 0 1 0 1 0 1
2466 0.00925926 0 1 0 1 0 2
24666 0.00257202 0 1 0 1 0 3
25 0.0555556 0 1 0 0 1 0
255 0.0138889 0 1 0 0 2 0
2555 0.00308642 0 1 0 0 3 0
25555 0.000643004 0 1 0 0 4 0
25556 0.00257202 0 1 0 0 3 1
2556 0.00925926 0 1 0 0 2 1
25566 0.00385802 0 1 0 0 2 2
256 0.0277778 0 1 0 0 1 1
2566 0.00925926 0 1 0 0 1 2
25666 0.00257202 0 1 0 0 1 3
26 0.0555556 0 1 0 0 0 1
266 0.0138889 0 1 0 0 0 2
2666 0.00308642 0 1 0 0 0 3
26666 0.000643004 0 1 0 0 0 4
3 0.166667 0 0 1 0 0 0
33 0.0277778 0 0 2 0 0 0
333 0.00462963 0 0 3 0 0 0
3333 0.000771605 0 0 4 0 0 0
33333 0.000128601 0 0 5 0 0 0
33334 0.000643004 0 0 4 1 0 0
33335 0.000643004 0 0 4 0 1 0
33336 0.000643004 0 0 4 0 0 1
3334 0.00308642 0 0 3 1 0 0
33344 0.00128601 0 0 3 2 0 0
33345 0.00257202 0 0 3 1 1 0
33346 0.00257202 0 0 3 1 0 1
3335 0.00308642 0 0 3 0 1 0
33355 0.00128601 0 0 3 0 2 0
33356 0.00257202 0 0 3 0 1 1
3336 0.00308642 0 0 3 0 0 1
33366 0.00128601 0 0 3 0 0 2
334 0.0138889 0 0 2 1 0 0
3344 0.00462963 0 0 2 2 0 0
33444 0.00128601 0 0 2 3 0 0
33445 0.00385802 0 0 2 2 1 0
33446 0.00385802 0 0 2 2 0 1
3345 0.00925926 0 0 2 1 1 0
33455 0.00385802 0 0 2 1 2 0
33456 0.00771605 0 0 2 1 1 1
3346 0.00925926 0 0 2 1 0 1
33466 0.00385802 0 0 2 1 0 2
335 0.0138889 0 0 2 0 1 0
3355 0.00462963 0 0 2 0 2 0
33555 0.00128601 0 0 2 0 3 0
33556 0.00385802 0 0 2 0 2 1
3356 0.00925926 0 0 2 0 1 1
33566 0.00385802 0 0 2 0 1 2
336 0.0138889 0 0 2 0 0 1
3366 0.00462963 0 0 2 0 0 2
33666 0.00128601 0 0 2 0 0 3
34 0.0555556 0 0 1 1 0 0
344 0.0138889 0 0 1 2 0 0
3444 0.00308642 0 0 1 3 0 0
34444 0.000643004 0 0 1 4 0 0
34445 0.00257202 0 0 1 3 1 0
34446 0.00257202 0 0 1 3 0 1
3445 0.00925926 0 0 1 2 1 0
34455 0.00385802 0 0 1 2 2 0
34456 0.00771605 0 0 1 2 1 1
3446 0.00925926 0 0 1 2 0 1
34466 0.00385802 0 0 1 2 0 2
345 0.0277778 0 0 1 1 1 0
3455 0.00925926 0 0 1 1 2 0
34555 0.00257202 0 0 1 1 3 0
34556 0.00771605 0 0 1 1 2 1
3456 0.0185185 0 0 1 1 1 1
34566 0.00771605 0 0 1 1 1 2
346 0.0277778 0 0 1 1 0 1
3466 0.00925926 0 0 1 1 0 2
34666 0.00257202 0 0 1 1 0 3
35 0.0555556 0 0 1 0 1 0
355 0.0138889 0 0 1 0 2 0
3555 0.00308642 0 0 1 0 3 0
35555 0.000643004 0 0 1 0 4 0
35556 0.00257202 0 0 1 0 3 1
3556 0.00925926 0 0 1 0 2 1
35566 0.00385802 0 0 1 0 2 2
356 0.0277778 0 0 1 0 1 1
3566 0.00925926 0 0 1 0 1 2
35666 0.00257202 0 0 1 0 1 3
36 0.0555556 0 0 1 0 0 1
366 0.0138889 0 0 1 0 0 2
3666 0.00308642 0 0 1 0 0 3
36666 0.000643004 0 0 1 0 0 4
4 0.166667 0 0 0 1 0 0
44 0.0277778 0 0 0 2 0 0
444 0.00462963 0 0 0 3 0 0
4444 0.000771605 0 0 0 4 0 0
44444 0.000128601 0 0 0 5 0 0
44445 0.000643004 0 0 0 4 1 0
44446 0.000643004 0 0 0 4 0 1
4445 0.00308642 0 0 0 3 1 0
44455 0.00128601 0 0 0 3 2 0
44456 0.00257202 0 0 0 3 1 1
4446 0.00308642 0 0 0 3 0 1
44466 0.00128601 0 0 0 3 0 2
445 0.0138889 0 0 0 2 1 0
4455 0.00462963 0 0 0 2 2 0
44555 0.00128601 0 0 0 2 3 0
44556 0.00385802 0 0 0 2 2 1
4456 0.00925926 0 0 0 2 1 1
44566 0.00385802 0 0 0 2 1 2
446 0.0138889 0 0 0 2 0 1
4466 0.00462963 0 0 0 2 0 2
44666 0.00128601 0 0 0 2 0 3
45 0.0555556 0 0 0 1 1 0
455 0.0138889 0 0 0 1 2 0
4555 0.00308642 0 0 0 1 3 0
45555 0.000643004 0 0 0 1 4 0
45556 0.00257202 0 0 0 1 3 1
4556 0.00925926 0 0 0 1 2 1
45566 0.00385802 0 0 0 1 2 2
456 0.0277778 0 0 0 1 1 1
4566 0.00925926 0 0 0 1 1 2
45666 0.00257202 0 0 0 1 1 3
46 0.0555556 0 0 0 1 0 1
466 0.0138889 0 0 0 1 0 2
4666 0.00308642 0 0 0 1 0 3
46666 0.000643004 0 0 0 1 0 4
5 0.166667 0 0 0 0 1 0
55 0.0277778 0 0 0 0 2 0
555 0.00462963 0 0 0 0 3 0
5555 0.000771605 0 0 0 0 4 0
55555 0.000128601 0 0 0 0 5 0
55556 0.000643004 0 0 0 0 4 1
5556 0.00308642 0 0 0 0 3 1
55566 0.00128601 0 0 0 0 3 2
556 0.0138889 0 0 0 0 2 1
5566 0.00462963 0 0 0 0 2 2
55666 0.00128601 0 0 0 0 2 3
56 0.0555556 0 0 0 0 1 1
566 0.0138889 0 0 0 0 1 2
5666 0.00308642 0 0 0 0 1 3
56666 0.000643004 0 0 0 0 1 4
6 0.166667 0 0 0 0 0 1
66 0.0277778 0 0 0 0 0 2
666 0.00462963 0 0 0 0 0 3
6666 0.000771605 0 0 0 0 0 4
66666 0.000128601 0 0 0 0 0 5
